28 5184 5184
83 1085 1085
106 9040 9040
140 3694 3694
142 5100 5100
159 -1833 1833
271 -268 268
503 1221 1221
538 -1476 1476
559 2241 2241
585 4182 4182
621 8085 8085
635 -1643 1643
702 4364 4364
836 9374 9374
839 -5858 5858
862 6424 6424
953 308 308
1012 1672 1672
1017 -4932 4932
1056 -2890 2890
1068 -1991 1991
1151 -8423 8423
1245 -2764 2764
1416 3452 3452
1497 2785 2785
1710 -2389 2389
1731 8154 8154
1928 5423 5423
2327 2042 2042
2363 -7721 7721
2510 -1003 1003
2525 8483 8483
2525 1264 1264
2570 -905 905
2588 -4710 4710
2619 -3971 3971
2630 274 274
2726 -5411 5411
2816 -1690 1690
2848 -4675 4675
2862 -396 396
2935 -481 481
2993 7384 7384
3165 -5431 5431
3245 5508 5508
3281 -6827 6827
3396 6697 6697
3537 -5623 5623
3588 -2481 2481
3608 -6172 6172
3789 361 361
3888 308 308
3902 153 153
3977 -8132 8132
4016 -5137 5137
4031 2052 2052
4270 -9170 9170
4313 -4355 4355
4365 -1874 1874
4380 1913 1913
4488 6282 6282
4625 2011 2011
4723 -3490 3490
4734 53 53
4804 6385 6385
4854 4272 4272
5005 -1047 1047
5097 6512 6512
5220 4615 4615
5350 -5006 5006
5547 -1577 1577
5589 -2722 2722
5629 -1224 1224
5631 6738 6738
5750 -489 489
5787 -1490 1490
6064 9309 9309
6097 -9551 9551
6266 7651 7651
6321 104 104
6321 -104 104
6428 -8027 8027
6602 807 807
6705 3874 3874
6737 4474 4474
6748 5651 5651
6790 -476 476
7124 8318 8318
7391 -202 202
7448 5200 5200
7462 6633 6633
7531 4806 4806
7668 -677 677
7825 3221 3221
7833 8360 8360
7892 2451 2451
8009 7157 7157
8102 -1069 1069
8262 9420 9420
8300 -7954 7954
8317 2045 2045
8396 7572 7572
8402 -5230 5230
8419 -5565 5565
8570 9763 9763
8570 -9763 9763
8762 -5043 5043
8768 -7040 7040
8823 4485 4485
8896 6367 6367
8915 7450 7450
9022 9413 9413
9412 5765 5765
9412 -5765 5765
9490 8925 8925
9497 -2589 2589
9569 -8638 8638
9810 1599 1599
9905 7162 7162
9975 -3489 3489
121