0.8584073464102069
0.8584073464102069
0.8584073464102069
0.14159265358979312
0.05840734641020706
0.19174067974354037
0.28697877498163527
0.3584073464102069
0.41396290196576224
0.05840734641020706
0.1311346191374798
0.19174067974354037
0.24302273102559147
0.28697877498163527
0.05840734641020706
0.14159265358979312
0.08276912417802862
0.030481542478681956
0.016302083252312194
0.05840734641020706
0.09397360597074567
0.23250174449888394
0.18507091445935853
0.30825932025645963
0.2615926535897932
0.2185157305128702
0.17862969062683032
0.14159265358979312
0.24504092945186207
0.20825932025646
0.17385071810592212
0.2665926535897931
0.23250174449888394
0.2004161830015576
0.17016408216122159
0.14159265358979312
0.11456562656276592
0.08896107464242453
0.06466957666671602
0.04159265358979303
0.019641434077597886
0.09397360597074567
0.16484846754328153
0.14159265358979312
0.20825932025646
0.18507091445935853
0.1628692493344741
0.2249259869231266
0.20281714338571133
0.18159265358979315
0.16120049672704795
0.14159265358979312
0.12272472906149101
0.17862969062683032
0.1597744717716112
0.14159265358979312
0.12404879394067025
0.10710989496910361
0.09074519596267461
0.07492598692312624
0.05962544047503915
0.044818460041406105
0.030481542478681956
0.016592653589793116
0.0031311151282547023
0.009922497925358265
0.022586450887818632
0.023945594766263678
0.011157870981097329
0.0012644892673496777
0.0430011042940186
0.030481542478681956
0.07309950290486178
0.060511572508711975
0.04825932025645985
0.03632949569505639
0.024709536706676083
0.013387525384664922
0.002352147260679338
0.008407346410206795
0.030481542478681956
0.019641434077597886
0.009062533107865534
0.0012644892673496777
0.01134852288079502
0.021198044084625334
0.030821139513655282
0.04022552822838854
0.049418582365262864
0.013962901965762331
0.023242511245371578
0.03232038988846764
0.041203045334937904
0.04989670811233449
0.05840734641020706
0.06674067974354037
0.03366507836896959
0.04208081579796197
0.05032653832939893
0.05840734641020706
0.06632813848941499
0.07409362092001093
0.08170831728399319
0.08917657717943772
0.09650258450544502
0.10369036527813158
0.11074379500833764
0.0806295686324292
0.08776514457534468
0.05840734641020706
0.0656145536174142
0.0726930606959213
0.04424805437480872
0.016302083252312194
0.023624737714554644
0.030821139513655282
0.03789452589738618
0.044848024376308526
0.018071211956425248
0.025074013076873403
0.031961065418471435
0.005948330016764203
0.01287889112565388
0.012560395525277102
0.037592653589793024
0.030481542478681956
0.023482417369320885
0.047842653589793116
0.040817459791343325
0.03390034589748536
0.02708883679590013
0.02038053237767201
0.013773104717612838
0.007264295380837726
0.030481542478681956
0.023945594766263678
0.017505062348917022
0.011157870981097329
0.004902006107778689
0.0012644892673496777
0.007343516622972945
0.01333692387499541
0.008725520722660196
0.0027037647009042765
0.003234932617103503
0.009092277917056357
0.012340952909521086
0.006457518454658029
0.0006530562743569668
0.005074013076873385
0.010725227204908983
0.016302083252312194
0.004337751629008846
0.0012644892673496777
0.019012008428502813
0.013387525384664922
0.007834691806353433
0.002352147260679338
0.0030614344605215393
0.008407346410206795
0.013686849515797128
0.018901173570700536
0.02405151818934792
0.029139053727280206
0.009922497925358265
0.01503385243430344
0.020083993116793764
0.025074013076873403
0.03000497954630177
0.03487793464550082
0.03969389611780905
0.04445385803811375
0.04915879149691227
0.05380964526078147
0.05840734641020706
0.04022552822838854
0.044848024376308526
0.049418582365262864
0.053938072667190085
0.05840734641020706
0.04072778839915703
0.04522053322339348
0.04966417701129977
0.05405952032325034
0.03678572478858522
0.041203045334937904
0.04557312181127626
0.04989670811233449
0.054174542177402696
0.05840734641020706
0.0625958280855996
0.06674067974354037
0.07084257957082851
0.07490219177103175
0.0789201669230275
0.08289714232857426
0.08683374234929309
0.09073057873343915
0.09458825093281975
0.0984073464102071
0.08228794342513224
0.08613011868743481
0.08993444000626605
0.09370146405726576
0.09743173665410954
0.10112579301214852
0.10478415800440999
0.08917657717943772
0.09285710717575713
0.09650258450544502
0.1001135075476478
0.10369036527813158
0.10723363749001891
0.09205220622329113
0.09561664873578835
0.0991480871509478
0.10264697774661258
0.10611376842855558
0.10954889892162223
0.11295280095566129
0.0982263509350938
0.08363257163543203
0.0871068979797136
0.09055020355306409
0.0939629019657624
0.09734539950755217
0.10069809530888518
0.0864775218488032
0.07238114553684438
0.07579865075803305
0.07918656718942785
0.08254527744468954
0.06870777559475627
0.07208256008542069
0.07542862300595177
0.0787463294610542
0.0820360383933294
0.08529810271272797
0.07179646774911896
0.05840734641020706
0.061726848484895847
0.06501891665814075
0.06828388962008347
0.07152210050856755
0.07473387702245171
0.0779195415321583
0.08107941118753503
0.08421379802310991
0.08732300906080948
0.07440734641020708
0.0775308523863023
0.06475655275941339
0.06789351241811215
0.07100577160705734
0.05840734641020706
0.061532346410206884
0.06463302734405918
0.06770967199160216
0.07076255876541904
0.05840734641020706
0.06147248050982368
0.06451421663921453
0.06753282169537789
0.07052855853141882
0.07350168603284857
0.07645245919216181
0.07938112918174234
0.08228794342513224
0.08517314566671264
0.08803697603983673
0.0908796711334543
0.07899558170432464
0.08185056985343042
0.07008617852699528
0.07295280095566126
0.07579865075803305
0.07862395290840185
0.06704043993538678
0.0698768804603862
0.0726930606959213
0.07548919694401457
0.07826550243857566
0.08102218739960598
0.08375945908626337
0.07244243412950535
0.07519056319342354
0.0779195415321583
0.06674067974354037
0.05563918032024162
0.05840734641020706
0.04741078283632394
0.05018816832801498
0.05294659555696457
0.04208081579796197
0.044848024376308526
0.034083022085882764
0.03685852486138552
0.026192581309535612
0.015597981861712018
0.018407346410207026
0.007909007539775192
0.010725227204908983
0.01352285796136199
0.016302083252312194
0.019063084115124695
0.021806039220664264
0.011501808950923564
0.01425150225436278
0.01698339819014194
0.019697668990851902
0.022394484673872395
0.012253500256360628
0.014956867176980193
0.017643015200015988
0.020312108314968658
0.010306080587421995
0.012981478902320376
0.0030614344605215393
0.006796415345279083
0.016592653589793116
0.026327856082005052
0.02358023122954478
0.0208496195340655
0.01813586346633622
0.027746499743639408
0.03729817506218591
0.0467914303482031
0.04403167798003693
0.041288702222011864
0.03856235055949009
0.04793706446592605
0.04520711142111855
0.04249355449069414
0.03979624640416457
0.03711504164949453
0.03444979644693591
0.03180036872332437
0.04100093761346191
0.03834781583168123
0.03571030064861658
0.03308825476281374
0.030481542478681956
0.027890029683087736
0.02531358382235105
0.022752073879648282
0.0202053703527989
0.017673345232444237
0.015155871980597535
0.012652825509563925
0.010164082161221888
0.0076895196866590965
0.0052290172261568735
0.002782455289509933
0.00034971573668585165
0.009198287392610194
0.006761192915635927
0.004337751629008846
0.0019278491205194648
0.01067343353408301
0.008259320256459812
0.005858581567632637
0.0034711066284671688
0.0010967858211978765
0.0012644892673496777
0.003612825862261637
0.005948330016764203
0.008271106628190417
0.010581259453684932
0.01287889112565388
0.015164103166963816
0.006655324846864374
0.0089449808188089
0.011222359815032501
0.013487560313950375
0.01574067974354021
0.007343516622972945
0.009600980362461708
0.01184649984936037
0.014080169629204331
0.016302083252312194
0.018512333286847316
0.020711011331672857
0.022898208029005662
0.014657346410206884
0.01684890485176549
0.0190291080682381
0.021198044084625334
0.013046521667938737
0.015219685741826527
0.007125295128155518
0.009302487075168564
0.01146857090000264
0.01362363139748446
0.01576775250157736
0.017901017296282795
0.020023508026368653
0.012059739357310306
0.01418624088256859
0.006277020595670368
0.0015926535897929917
0.0005519848141970485
0.007264295380837726
0.005116226790785827
0.002978792203654379
0.0008519128490522831
0.0012644892673496777
0.0033704913733516584
0.00546616993961857
0.007551600688935345
0.00962685860532897
0.011692017943053745
0.004038414371371868
0.006107104279456266
0.008165800516487298
0.010214575325869557
0.012253500256360628
0.01428264617039865
0.006732705261881744
0.008765341636937318
0.010788298791159168
0.012801645697617658
0.014805450675609677
0.01679978139838667
0.009350742636621945
0.01134852288079502
0.01333692387499541
0.015316011515593253
0.01728585108310421
0.019246507249367717
0.021198044084625334
0.02314052506449915
0.025074013076873403
0.02699857042868281
0.028914258852603236
0.030821139513655282
0.032719273015711536
0.03460871940791854
0.036489538191028625
0.029250171011573567
0.031134619137479724
0.023940226228801098
0.025828160889844742
0.02770757214384112
0.029578517581378083
0.03144105427537536
0.02432662892141746
0.026192581309535612
0.02805020355306409
0.02989955130998423
0.03174067974354022
0.03357364352772363
0.03539849685268459
0.03721529343007424
0.030213513811087722
0.023242511245371578
0.025074013076873403
0.026897499583073525
0.028713023266102145
0.021806039220664264
0.023624737714554644
0.025435545976367546
0.027238515241375882
0.029033696302215528
0.030821139513655282
0.03260089479730377
0.03437301164625817
0.036137539129692975
0.03789452589738618
0.039644020184193884
0.041386069814462356
0.04312072220638541
0.044848024376308526
0.04656802294297657
0.048280764131725995
0.04156524114704885
0.043281295990038604
0.03660441139972459
0.03832366440183854
0.040035738894549144
0.04174067974354001
0.035122523125383776
0.036830582924729516
0.03853157001269114
0.04022552822838854
0.041912501049381934
0.043592531595392
0.04526566263197296
0.046931936574141186
0.04041143638975697
0.04208081579796197
0.043743395290043896
0.04539921632890609
0.047048320041038316
0.04869074721992339
0.05032653832939893
0.04389121737794888
0.03748179309028732
0.03913023797647197
0.04077207586912479
0.04240734641020705
0.04403608892517674
0.04565834242614297
0.047274145614978114
0.04888353688639757
0.050486554330999134
0.05208323573827034
0.05367361859955588
0.05525774011099438
0.04897709100745651
0.05056420915530513
0.05214511549044154
0.045907346410206884
0.04749116707297496
0.049068825009428885
0.050640356118944574
0.052205796022609885
0.05376518006591269
0.055318543321403624
0.04915879149691227
0.0507150387178994
0.052265311861262376
0.05380964526078147
0.05534807298764477
0.056880628852955084
0.05840734641020706
0.05992825895773546
0.061443399541136756
0.05537704337990368
0.05689505907561321
0.05840734641020706
0.0599139377473068
0.0614148652071993
0.05540547023759901
0.049418582365262864
0.05093071089618828
0.052437197156475435
0.053938072667190085
0.047998424477121215
0.04950196607625523
0.05099993900279953
0.04509865879468
0.046599228329025966
0.04809427090376106
0.04958381699844239
0.051067896868922436
0.05254654054940122
0.04670716359485061
0.04818836830801709
0.04966417701129977
0.04386189186475242
0.04534019577499837
0.03956676670006187
0.04104749107566796
0.03530265326941251
0.03678572478858522
0.03826346151812077
0.03255456364539544
0.03403458655357605
0.03550931420984904
0.036978774981635265
0.03844299703409293
0.03990200833191526
0.034251040903990226
0.03571231094921412
0.03716840835710933
0.03861936054448245
0.04006519473472192
0.04150593795950286
0.03591174008331777
0.030337170971610483
0.024782127496021378
0.026239514242374806
0.027691814123993908
0.029139053727280206
0.023624737714554644
0.025074013076873403
0.026518264954400905
0.02103710419567406
0.02248333950174386
0.017028036065379393
0.01847619322604155
0.01991937390161569
0.02135760370008688
0.022790908054042713
0.02421931222217255
0.025642841290753005
0.027061520175112985
0.028475373621091205
0.029884426206471915
0.031288702342410435
0.032688226274843135
0.034083022085882764
0.03547311369519823
0.03685852486138552
0.03823927918331593
0.03961540010148212
0.04098691089931927
0.042353834704521365
0.04371619449034059
0.038407346410207044
0.039771739089075275
0.03448708062947592
0.03585344922944422
0.03721529343007424
0.03857263566640512
0.03992549822538827
0.04127390324710989
0.042617872725996264
0.04395742851201323
0.03873521526266588
0.04007674084555868
0.041413882357919096
0.04274666125523119
0.04407509885320371
0.04539921632890609
0.04022552822838854
0.04155159276352949
0.04287336582768253
0.04419086821957663
0.045504120603755194
0.04681314351165611
0.04811795734268287
0.049418582365262864
0.0507150387178994
0.05200734641020688
0.0532955253239451
0.04820000988708095
0.04949014895797754
0.044416885360922365
0.045708933711793964
0.04699688682225123
0.048280764131725995
0.04956058495681015
0.05083636849222595
0.045808921213356335
0.04708659169322571
0.04836025064882543
0.04962991694312224
0.0508956093210049
0.05215734641020697
0.053415146722219475
0.05466902865319767
0.05591901048485681
0.057165110385362095
0.05840734641020706
0.059645736503086244
0.06088029849676024
0.062111050113910604
0.05717468077076138
0.05840734641020706
0.05963622505844057
0.05472636481511506
0.05595711670117165
0.051067896868922436
0.05230047618119915
0.04743173665410927
0.048666098312794226
0.04989670811233449
0.05112358313251342
0.05234674034960074
0.05356619663713591
0.04873967269419488
0.04996089090492806
0.045154334362014215
0.040362233628251865
0.035584523587384176
0.030821139513655282
0.03206004102098525
0.027316165543241233
0.02855660014155026
0.023832085605437925
0.025074013076873403
0.026312249827740164
0.027546812285577982
0.02877771678057739
0.03000497954630177
0.031228616720398783
0.03244864434531003
0.03366507836896959
0.03487793464550082
0.036087228935904214
0.03729297690874045
0.038495194140807154
0.03969389611780905
0.03504968217663018
0.03624991200787431
0.037446647720250414
0.038639904549741644
0.03982969764387878
0.0352189406131056
0.0364102407662128
0.037598097855293666
0.038782526785387184
0.039963542375624606
0.04114115935984719
0.0423153923872186
0.043486256022832404
0.03892310572252766
0.040095472304341406
0.03555020355306393
0.036724036852432196
0.032196520199380796
0.03337178453253964
0.03454371004657064
0.03571231094921412
0.03121187898811062
0.03238188672138076
0.03354858934805982
0.034712000853084124
0.03587213514260146
0.03702900604452486
0.038182627309083284
0.03933301260936517
0.04048017554185934
0.041624129626990136
0.042764888309648086
0.043902464959718834
0.045036872872602274
0.046168125269733906
0.04729623529909599
0.04842121603572691
0.04954308048222922
0.050661841569266564
0.046252650277610385
0.047372863651585995
0.04848999103830609
0.044101981898514886
0.04522053322339348
0.04633601582035762
0.04744844230061762
0.048557825206376304
0.04966417701129977
0.05076751012098457
0.051867836873422224
0.0529651695394584
0.05405952032325034
0.055150901362717164
0.05623932472999016
0.05732480243185778
0.05840734641020706
0.059486968542460605
0.060563680642012674
0.06163749445865907
0.0627084216790239
0.06377647392698549
0.0648416627640942
0.06590399968999261
0.06161590255993943
0.06267970956107449
0.05840734641020706
0.05414636105734383
0.04989670811233449
0.05097042741950286
0.052041298664848856
0.053109333165173744
0.054174542177402696
0.05523693689897824
0.05629652846825417
0.05735332796488413
0.05840734641020706
0.05945859476763138
0.06050708394301507
0.0615528247850432
0.0625958280855996
0.06363610458014168
0.06467366494806592
0.06570851981307513
0.06674067974354037
0.06777015525285979
0.06879695679981745
0.06982109478893594
0.07084257957082851
0.07186142144254859
0.07287763064793307
0.07389121737794868
0.06974755259577403
0.07076255876541904
0.0717749556647056
0.07278475334217083
0.07379196179482239
0.07479659096846536
0.07579865075803305
0.0767981510079081
0.07779510151224756
0.0787895120153026
0.07978139221173342
0.07568815962494657
0.07668145808533389
0.0726025301871398
0.07359721982792822
0.07458939445066193
0.07557906358192401
0.07656623670024487
0.07755092323640334
0.07853313257372907
0.0744877484202573
0.07547133637256564
0.07645245919216181
0.07242486831258477
0.06840734641020685
0.06939361357624918
0.07037742122317425
0.06637745848990795
0.06736257029080406
0.06834523460896458
0.06932546055412736
0.07030325719087616
0.07127863353891994
0.07225159857337138
0.07322216122502168
0.06925814788986173
0.07023000650872913
0.0711994743314861
0.0721665601694208
0.07313127279057507
0.06919166013569722
0.07015765240775895
0.07112128284052455
0.07208256008542069
0.07304149275167049
0.06912598222019462
0.06521999847833326
0.06618377411373055
0.06714521048787692
0.06810431610717638
0.06906109943684147
0.06517880952991684
0.06613681500924073
0.06709250925701005
0.06804590062707438
0.06899699743307108
0.06994580794866856
0.07089234040780612
0.07183660300493111
0.07277860389523694
0.07371835119489578
0.07465585298129396
0.07559111729326196
0.07175657167838345
0.06793115593401655
0.06887108006062315
0.06980877158835419
0.0707442384624013
0.07167748859030176
0.07260852984215971
0.07353737005086902
0.07446401701233185
0.07538847848567842
0.07631076219348154
0.07723087582197152
0.07814882702125292
0.0790646234055119
0.07997827255323164
0.0808897820073966
0.08179915927570391
0.07803351463450614
0.07894410253622786
0.07985256785542827
0.08075891800508472
0.08166316036369548
0.0779195415321583
0.07418460859118126
0.07509332555273307
0.07137030937316968
0.07228017878014903
0.07318794687210062
0.06948001077006838
0.06578061829960768
0.062089739966018076
0.06300504755963221
0.0639182534136511
0.06482936475883072
0.06573838879279581
0.06664533268022987
0.06755020355306396
0.06388679846500134
0.06479275119926031
0.0656966402598651
0.06659847269007058
0.06749825550111588
0.06839599567240873
0.0692917001517035
0.07018537585528062
0.07107702966812557
0.07196666844410515
0.07285429900614382
0.0737399281463964
0.07462356262642311
0.07550520917736092
0.07638487450009457
0.07726256526542574
0.07813828811424273
0.07901204965768738
0.07988385647732077
0.08075371512529061
0.08162163212449247
0.08248761396873538
0.08335166712290176
0.08421379802310991
0.08507401307687346
0.08593231866325901
0.08235413133260172
0.08321354796059444
0.07964628446330435
0.08050679392401916
0.07695039276782278
0.07781197706070309
0.07867166359082356
0.0795294586214279
0.07598976399262458
0.07684861973622237
0.07770559202424199
0.07856068704547514
0.07941391096162942
0.08026526990747485
0.0811147699909931
0.08196241729352183
0.08280821786990167
0.08365217774861833
0.08449430293194604
0.08533459939609189
0.08617307309133482
0.08267603546762814
0.08351557151843192
0.08435329235615274
0.08518920386161088
0.08602331189025003
0.08685562227227583
0.08768614081279047
0.0885148732919272
0.08504537004071189
0.0858751575690051
0.0824159209010964
0.08324674683847233
0.08407579560806777
0.08490307290593346
0.08145964096730385
0.08228794342513224
0.0788546307552549
0.07968394215488761
0.08051149093730592
0.08133728271593954
0.08216132308040835
0.0787463294610542
0.07533856334142364
0.07616633161105257
0.07699235169003771
0.07781662911062881
0.07442420626268298
0.07524945167336483
0.0760729615521627
0.07689474136819019
0.0777147965676046
0.07853313257372907
0.07934975478717021
0.08016466858593896
0.08097787932556733
0.08178939233922566
0.0825992129378399
0.08340734641020697
0.08421379802310991
0.08501857302143367
0.08582167662827533
0.08662311404506173
0.08742289045165785
0.08822101100648005
0.08901748084660799
0.08981230508789295
0.09060548882506758
0.09139703713185643
0.0921869550610821
0.09297524764477494
0.09376191989427696
0.09454697680035062
0.09533042333328368
0.09611226444299392
0.0927983392454168
0.08949119099098413
0.09027660075137112
0.0910604076346968
0.09184261654272463
0.09262323235725356
0.09340225994021711
0.09417970413378418
0.09089465605487712
0.09167306649134277
0.09244989960169603
0.08917657717943772
0.08995436359928677
0.08669017469303508
0.0874689003960798
0.08824605608762637
0.0849934491292399
0.08577153152087069
0.08654804992779486
0.08732300906080948
0.08408437750348652
0.08486025222183002
0.08563457363743421
0.08640734641020709
0.08717857518143557
0.08794826457387961
0.0887164191918619
0.08549897987634214
0.08626804292761969
0.08703557702650899
0.08780158672798244
0.08459782260068316
0.08536472995827449
0.08613011868743481
0.08689399329447989
0.08370378909795395
0.08446855075374105
0.08128703082835287
0.08205266660725119
0.08281679522910457
0.08357942113980377
0.08434054876777086
0.08510018252404405
0.08585832680236383
0.08661498597925688
0.08737016441412093
0.08812386644930736
0.08887609641020688
0.0857244195809388
0.0864775218488032
0.08722915751049909
0.08797933084600462
0.08872804611866147
0.08947530757525524
0.09022111944609446
0.09096548594509057
0.0917084112698392
0.09244989960169603
0.09318995510585903
0.0939285819314426
0.09466578421155702
0.09540156606338623
0.09613593158826284
0.09686888487174539
0.09760042998369389
0.09449179938525498
0.09522422081097393
0.09212382150599252
0.09285710717575713
0.09358899076967164
0.0904990369546197
0.0912317738911228
0.09196311380772837
0.09269306069592131
0.0934216185319956
0.09414879127712705
0.09107591241210633
0.09180393085043459
0.09253056915902214
0.09325583125869175
0.09019542588040563
0.09092152410396892
0.08786910278414473
0.08859602565549007
0.08932157826694587
0.0900457644893029
0.0907685881787863
0.09149005317712433
0.09221016331161547
0.09292892239519768
0.09364633422651414
0.09436240258998208
0.09133531647568871
0.09205220622329113
0.092767757241206
0.0934819732758787
0.0904669922629564
0.08745762573981564
0.08817478827067182
0.08889061778567164
0.08589109757083824
0.08660771746772067
0.08361587282355254
0.0806295686324292
0.08134906703925404
0.07837037783349698
0.0790906335754884
0.07980956043234722
0.08052716207840982
0.08124344217447943
0.07827855156200103
0.07899558170432464
0.07971129498688256
0.08042569503406005
0.08113878545695297
0.08185056985343042
0.08256105180819429
0.07961392776304033
0.08032515462938505
0.08103508363648437
0.08174371833363425
0.08245106225720145
0.0831571189306799
0.08386189186475246
0.08456538455734597
0.08526760049369164
0.08596854314638103
0.08304502756962728
0.08012680342378165
0.08083049288398625
0.08153291099918603
0.082234061211651
0.0829339469512349
0.08002896803182846
0.080729578633429
0.08142892914401978
0.0821270229600719
0.08282386346586224
0.08351945403352534
0.08421379802310991
0.08490689878263291
0.08559875964813157
0.08628938394371888
0.08697877498163553
0.08766693606230325
0.08835387047437804
0.08903958149480173
0.08972407238885438
0.09040734641020709
0.09108940680097044
0.09177025679175088
0.09244989960169603
0.09312833843855062
0.09380557649870225
0.09094492377537033
0.09162289411338698
0.09229966768116915
0.08944791078410441
0.09012540808421576
0.08728058584682641
0.08795879759754177
0.08512087892338771
0.08579979592732734
0.0864775218488032
0.08715405981949687
0.08782941296011915
0.08500402182577993
0.08568007368293395
0.08635494466348215
0.08702863785872328
0.08770115634917808
0.08837250320463186
0.08556139340759605
0.08623343336672873
0.0834290666534736
0.0806295686324292
0.07783492663570568
0.07851133254538878
0.07918656718942785
0.07986063360743856
0.08053353482853032
0.08120527387134668
0.07842460266559925
0.07909700158262067
0.07632293641882004
0.07699598668559426
0.07766787951424803
0.07833861788787022
0.07900820477930548
0.07624611141878335
0.07691634383951262
0.0775854286019877
0.07825336865143884
0.0789201669230275
0.07616994248194064
0.07683738053989986
0.07750368059605517
0.07816884555841819
0.07883287832510044
0.07949578178435646
0.08015755881462505
0.07742262654603049
0.07469233368756045
0.0753564989525799
0.07601953946693829
0.07668145808533389
0.07734225765281044
0.07462356262642311
0.07190945611484834
0.0691999265113874
0.06649496224845475
0.06379455179741234
0.061098683668407094
0.05840734641020706
0.059079050860249005
0.059749628289401446
0.0570661896625122
0.05773732965978828
0.055060066075478975
0.05573176112592604
0.05640233387887861
0.057071787144764574
0.05774012372463577
0.05840734641020706
0.059073457983895405
0.05973846121885895
0.06040235887903478
0.06106515371917709
0.061726848484895847
0.05907069632728801
0.059732947073007026
0.060394101377094334
0.061054161960248265
0.061713131534173904
0.06237101280161905
0.06302780845641154
0.06368352118349607
0.06433815365897111
0.06499170855012437
0.06564418851547016
0.06629559620478354
0.06694593425913942
0.0643138271321102
0.06496472345938731
0.0656145536174142
0.06626332022362735
0.06364037993432792
0.06428969935138351
0.06167265253265608
0.05905987495833065
0.05971133989023958
0.05710441481411577
0.057756410690109394
0.05840734641020706
0.05580783381881771
0.05645929446215492
0.057109698397230346
0.057759048193026796
0.05840734641020706
0.05581834964645305
0.05646716856057088
0.05711493930196765
0.05776166440859276
0.05840734641020706
0.05905198782841792
0.059695591176712526
0.06033815896048855
0.06097969367708789
0.05840734641020706
0.055839128111651704
0.053275028848057904
0.05392016692302759
0.0545642719506394
0.05520734641020697
0.05265195072675377
0.0532955253239451
0.053938072667190085
0.05457959521403444
0.05522009541419104
0.05585957570957012
0.05649803853431168
0.05713548631481746
0.057771921469778054
0.05840734641020706
0.05904176353946955
0.05967517525331312
0.0603075839398981
0.06093899197982733
0.06156940174617542
0.05903925794259246
0.05967017198242486
0.06030009088970223
0.060929017016984055
0.0615569527094193
0.06218390030477794
0.06280986213347717
0.06343484051861203
0.06405883777598387
0.06468185621412825
0.06530389813434478
0.06592496583072371
0.0665450615901757
0.06716418769245847
0.06778234641020697
0.06839954000895787
0.06901577074718057
0.06963104087630212
0.06713008784322883
0.06463302734405918
0.06525027020491914
0.06586655386941453
0.06648188057169735
0.0670962525389891
0.0646088967978038
0.06522376778898309
0.0658376869674826
0.06645065654168425
0.06397148860495205
0.06458495258781305
0.06519746986699682
0.06580904263225795
0.06333800896798802
0.06395007158341715
0.06148426948713004
0.059022258016663276
0.05963622505844057
0.057179410876822434
0.057793849477691506
0.05534221231059
0.05595711670117165
0.05657108015159951
0.05718410481999303
0.0547404250962269
0.05535391129570311
0.05596646158945928
0.05352929762971925
0.05414230452140245
0.05475437837367725
0.05232369622009303
0.05293622179014612
0.05354781717710155
0.05112358313251342
0.04870302495455858
0.04628613428899486
0.04387290280687628
0.0444890408126275
0.04208081579796197
0.042697376621687155
0.043313006787565556
0.043927708401156895
0.041527165551126455
0.04214228616924309
0.04275648109794217
0.040362233628251865
0.0409768430292905
0.038587526590387
0.036201795022360095
0.03381964026328044
0.03443730895702357
0.035054052997033125
0.035669874458075235
0.03329523878688834
0.030924149994971728
0.03154167476841563
0.032158278550400876
0.032773963399774786
0.030410324816759537
0.031026394029254334
0.03164154715370149
0.03225578623190062
0.03286911329959086
0.03348153038646817
0.03409303951621112
0.03174067974354022
0.02939180236875627
0.03000497954630177
0.030617250327428014
0.031228616720398783
0.03183908072755015
0.03244864434531003
0.033057309564223036
0.03366507836896959
0.034271952738389455
0.03487793464550082
0.03548302605752518
0.036087228935904214
0.036690545236325534
0.03729297690874045
0.03789452589738618
0.038495194140807154
0.039094983571874575
0.03676991950962227
0.03737009294052118
0.037969390205827125
0.03856781322275227
0.03916536390291814
0.039762044152377385
0.04035785587163332
0.04095280095566123
0.04154688129392792
0.03923523312044663
0.03982969764387878
0.040423299999764684
0.04101604206238063
0.04160792570057614
0.042198952777789955
0.04278912515207223
0.043378444676102745
0.04396691319721047
0.044554532557393056
0.045141304593335985
0.042845386756028336
0.043432544394367945
0.044018857201573613
0.04172869795585754
0.0423153923872186
0.040029744113006416
0.040616815563721875
0.03833566182239334
0.03892310572252766
0.039509708614931416
0.040095472304341406
0.03782121345809841
0.038407346410207044
0.03899264262719493
0.036724036852432196
0.03730969851284405
0.03789452589738618
0.03847852078743097
0.03906168495928242
0.036801091968131416
0.03738461913747981
0.03796731802127873
0.03854919038183802
0.03913023797647197
0.03971046255751576
0.040289865872344066
0.04086844966338932
0.03861936054448245
0.039198306862184396
0.03695357082799111
0.037532875324170156
0.03811136332352616
0.03868903655105216
0.036450977655808625
0.03702900604452486
0.037606222025104774
0.038182627309083284
0.03875822360318937
0.03933301260936517
0.037103912633051905
0.03767905509368008
0.03545423234442646
0.03602972403258464
0.03660441139972459
0.03438500004149159
0.03496003308152584
0.032744863843958694
0.03332023839626963
0.033894811591265395
0.034468585101925964
0.03225991942828754
0.03283403160826115
0.033407346410206706
0.03397986549417631
0.03455159051561596
0.035122523125383776
0.035692664969763754
0.03626201769048354
0.036830582924729516
0.037398362305161914
0.03796535745993079
0.03853157001269114
0.03633838089296537
0.034148214776850594
0.03471588635511047
0.032529851571941215
0.03309785535105991
0.03366507836896959
0.03423152223438253
0.0320518213587313
0.03261859469552908
0.03318459109834926
0.03374981216363171
0.03431425948344424
0.03487793464550082
0.032706731235907505
0.03053849395119057
0.031103592143995495
0.03166791939792857
0.03223147728955267
0.032794267391133225
0.03335629127065598
0.03391755049183942
0.03447804661414988
0.03503778119281575
0.03559675577884214
0.03615497191902639
0.03671243115596967
0.037269135028092926
0.03782508506965154
0.038380282810748234
0.0389347297773468
0.03678572478858522
0.03734049968502129
0.035195470566752096
0.03575056960643064
0.03630492053419632
0.03685852486138552
0.03471959405489056
0.035273519913905815
0.035826701248916404
0.03637913955997174
0.03693083634309291
0.03748179309028732
0.03535104614211049
0.03322315351000604
0.033775485633767754
0.034327078851678294
0.03487793464550082
0.03542805449303943
0.03597743986815072
0.036526092240760644
0.03440734641020704
0.032291423692019094
0.03284143429302988
0.03339071301033991
0.033939261303824075
0.03448708062947592
0.035034172439423195
0.03558053818193896
0.036126179301453565
0.036671097238570205
0.03721529343007424
0.037758769308949613
0.03830152630438688
0.0388435658417996
0.03938488934283546
0.03728523419898577
0.03518834904872925
0.035731011538750135
0.03627295905842809
0.036814193019818475
0.03472313588389131
0.03526467711369152
0.03580550672558136
0.033719230848814785
0.031635692866899934
0.03217783821348563
0.030098041036681344
0.03064048327988589
0.028564414473033928
0.029107150203536047
0.029649176475566197
0.030190494679311897
0.030731106201329794
0.02866174954132239
0.029202652798733464
0.027136988104017767
0.027678179743540365
0.02821866716492405
0.028758451741806468
0.02669844452586645
0.027238515241375882
0.02777788502149825
0.02831655522992138
0.028854527226798155
0.02939180236875627
0.029928382008912457
0.030464267496882247
0.030999460178791072
0.02894998206912147
0.02948546132305374
0.03002024963601313
0.03055434834444304
0.031087758781340735
0.031620482276272455
0.029578517581378083
0.02753917920763449
0.02807315617884454
0.028606447245145716
0.026571659632286693
0.027105229668705988
0.027638115640975958
0.02817031886376231
0.02870184064836323
0.029232682302721358
0.029762845131434457
0.03029233043576607
0.028266861097307583
0.028796625287041522
0.029325713757145877
0.027304733280824944
0.027834098002563756
0.02836278880358689
0.028890806970003347
0.029418153784650514
0.029944830527106614
0.030470838473699136
0.03099617889751638
0.031520853068418564
0.032044862253045814
0.030034958823126345
0.028027599574763862
0.028552823956063733
0.029077384336881895
0.02960128197558909
0.030124518127378597
0.030647094044276457
0.031169010975150346
0.02916979127473107
0.029691981170912207
0.030213513811087722
0.0307343904353643
0.031254612280728455
0.029261617766990877
0.029782111005310252
0.03030195117808665
0.030821139513655282
0.03133967723727471
0.031857565571133506
0.032374805734362244
0.03289139894303972
0.03090734641020676
0.031424210869919644
0.03194043005565028
0.029960683902408913
0.027983406260581045
0.028500804354131937
0.029017558116308795
0.027044558606846625
0.025074013076873403
0.025591933110020282
0.026109209764244135
0.024142914380411717
0.022179058569015808
0.022697489001651583
0.023215277017393898
0.023732423809587733
0.021773683043870395
0.022291081722513706
0.020335652961504636
0.018382639801188816
0.016432037768231655
0.01695145498516082
0.01747023173696416
0.017988369207496024
0.01850586857769443
0.01902273102559171
0.01953895772631986
0.017596037252247232
0.01811250611536641
0.016172846717143585
0.016689554999163914
0.014753146532830996
0.015270091508245986
0.01333692387499541
0.013854102836155402
0.014370649162500637
0.014886564014118697
0.015401848548264319
0.015916503919364278
0.013990018771402823
0.012065882995572874
0.012581630383393883
0.010660695983897295
0.011176670816780199
0.011692017943053745
0.012206738507471115
0.012720833652005048
0.013234304515853612
0.013747152235449533
0.014259377944469964
0.014770982773843144
0.015281967851757283
0.015792334303669442
0.016302083252312194
0.01681121581770384
0.01731973311715551
0.01541217732808109
0.01592092516699628
0.01642905931732397
0.01693658088880845
0.01744349098852016
0.017949790720863223
0.018455481187583445
0.018960563487777637
0.019465038717899397
0.019968907971768424
0.020472172340578965
0.02097483291290647
0.02147689077471515
0.021978347009368182
0.02247920269763215
0.020585682735760447
0.02108677224752764
0.021587262728198553
0.019697668990851902
0.02019839118632616
0.020698515861280686
0.021198044084625334
0.01931318669626192
0.019812944980784675
0.020312108314968658
0.018431141770111736
0.016552411808542278
0.017052622702542042
0.017552239521845703
0.0156773760837976
0.016177215923848465
0.016676463185547608
0.017175118922055255
0.017673184184037627
0.01817066001967449
0.018667547474665813
0.01679978139838667
0.017296891596267017
0.017793414887184333
0.01828935230991169
0.016426214334735345
0.01692237292759069
0.017417947116920462
0.017912937934633
0.018407346410207026
